4
3
3,4,5,6,
10,45,2,1,
6,8,9,4,
4
3
54,83,15,71,
79,3,11,99,
16,89,49,15,
4
4
26,38,27,88,
59,62,44,10,
78,90,64,49,
88,54,47,83,
4
3
71,27,55,90,
13,11,73,43,
61,25,52,72,
4
4
54,71,78,9,
86,25,39,76,
10,79,93,2, 
71,32,48,42,
4
5
53,19,99,62,
93,79,88,77,
90,92,35,13,
65,97,27,25,
64,38,44,46,
5
2
71,27,55,90,11,
13,11,73,43,27,
5
2
77,94,9,57,29
39,31,46,18,93
5
3
15,64,64,48,9,
28,4,43,93,1,
77,36,57,15,81,
5
3
53,19,99,62,88,
93,79,88,77,94,
90,92,35,13,75,
5
3
71,27,55,90,11,
13,11,73,43,27,
61,25,52,72,89,
5
3
40,74,94,9,62, 
2,87,68,28,84, 
12,40,95,80,6,
5
3
33,10,59,92,15,
11,54,38,41,64, 
98,83,36,61,19,
5
4
27,92,75,94,18,
79,23,66,5,15,
22,93,62,53,30,
93,22,64,81,94,
5
4
34,20,57,47,62,
5,48,80,43,34, 
86,35,5,93,74,
28,39,55,21,25,
5
2
53,38,27,87,76,
99,60,5,56,3,
5
5
37,36,1,4,64,
37,36,1,4,64,
26,38,27,88,95,
88,54,47,83,84,
69,30,61,35,53,
5
5
77,32,87,68,94,
14,21,86,5,77,
47,26,75,77,40,
40,54,77,51,31,
87,58,18,68,28,
5
5
54,83,15,71,77,36,
79,3,11,99,56,70,
60,23,57,64 ,7,1,
13,59,49,85,85,9,
5
5
59,34,66,42,63,
95,48,37,59,4,
39,97,57,9,54,
89,37,35,91,69,
64,62,53,33,16,
5
4
15,64,64,48,9,
28,4,43,93,1,
77,36,57,15,81,
1,59,95,49,90,
5
5
34,20,57,47,62,
5,48,80,43,34,
86,35,5,93,74,
28,39,55,21,25,
8,91,45,55,75,
6
3
37,36,1,4,64,74,
59,16,90,3,76,74,
65,94,96,47,35,34,
6
3
37,58,56,20,2,39,
2,81,12,40,59,32,
27,30,54,77,24,47,
6
3
33,14,88,22,36,65,
78,41,43,94,1,93,
41,46,24,23,68,50,
6
4
27,92,75,94,18,41,
79,23,66,5,15,51,
22,93,62,53,30,34,
93,22,64,81,94,97,
6
4
50,90,39,34,66,81,
78,56,9,43,84,73,
36,43,10,19,55,48,
85,88,60,98,4,99,
6
4
94,43,6,47,45,51,
3,18,43,41,83,62,
39,23,28,31,86,19,
1,92,83,43,3,3,
6
5
46,52,79,45,97,10,
98,2,85,44,7,73,
7,2,44,38,24,76,
64,2,16,35,53,40,
11,99,37,50,56,69,
6
5
94,12,41,85,75,38,
47,58,23,79,99,23,
68,75,37,13,65,7,
94,41,51,87,97,11,
49,65,85,52,8,58,
6
5
9,15,88,55,50,57,
46,49,15,43,65,41,
59,42,57,16,11,34,
59,47,8,92,87,62,
43,34,80,16,37,94,
6
5
83,52,13,70,40,60,
85,34,36,9,96,84,
36,38,43,89,94,33,
15,77,31,85,85,99,
64,98,83,36,61,19,
6
5
37,36,1,4,64,74,
59,16,90,3,76,74,
65,94,96,47,35,34,
70,3,43,14,26,83,
94,98,63,83,19,79,
7
4
63,96,50,12,15,3,51,
86,36,19,71,8,11,33,
44,25,85,86,73,77,8,
55,46,68,15,55,74,3,
7
4
77,94,9,57,29,79,55,
39,31,46,18,93,58,85,
14,21,15,10,85,46,42,
11,2,36,30,89,10,88,
7
5
54,83,15,71,77,3,53,
79,3,11,99,56,70,99,
16,89,49,15,89,45,60,
66,58,31,68,78,91,1,
58,56,20,85,53,35,53,
7
5
53,19,99,62,88,93,34,
93,79,88,77,94,39,74,
90,92,35,13,75,55,80,
65,97,27,25,61,24,97,
64,38,44,46,66,31,48, 
8
3
61,86,16,42,14,92,67,77,
27,92,8,65,34,6,42,39,
42,93,32,30,16,95,58,12,
8
3
71,27,55,90,11,18,42,64,
13,11,73,43,27,33,57,42,
61,25,52,72,89,75,60,28,
8
4
15,64,64,48,9,91,27,34,
28,4,43,93,1,81,77,69,
77,36,57,15,81,82,98,97,
1,59,95,49,90,78,3,69,
8
4
34,20,57,47,62,40,74,94,
5,48,80,43,34,2,87,68,
86,35,5,93,74,12,40,95, 
28,39,55,21,25,88,59,40,
8
5
37,36,1,4,64,74,32,67, 
59,16,90,3,76,74,22,30, 
65,94,96,47,35,34,84,3, 
70,3,43,14,26,83,26,65, 
94,98,63,83,19,79,54,78,
8
5
27,92,75,94,18,41,37,58,40,
79,23,66,5,15,51,2,81,12, 
22,93,62,53,30,34,27,30,54, 
93,22,64,81,94,97,54,82,11, 
38,84,62,10,11,93,57,81,10, 
9
5
71,27,55,90,11,18,42,64,73, 
13,11,73,43,27,33,57,42,71,  
61,25,52,72,89,75,60,28,94, 
21,8,5,8,58,59,85,35,84, 
91,13,7,95,20,69,45,44,29, 
9
5
15,64,64,48,91,27,34,42, 
28,4,43,93,1,81,77,69,52, 
77,36,57,15,81,82,98,97,12, 
1,59,95,49,90,78,3,69,99, 
45,73,59,63,54,98,39,75,33,  
10
5
37,36,1,4,64,74,32,67,73,7,
59,16,90,3,76,74,22,30,89,61, 
65,94,96,47,35,34,84,3,60,34, 
70,3,43,14,26,83,26,65,47,94, 
94,98,63,83,19,79,54,78,29,8, 
10
5
27,92,75,94,18,41,37,58,56,20, 
79,23,66,5,15,51,2,81,12,40, 
22,93,62,53,30,34,27,30,54,77, 
93,22,64,81,94,97,54,82,11,91, 
38,84,62,10,11,93,57,81,10,40, 
10
5
34,20,57,47,62,40,74,94,9,62, 
5,48,80,43,34,2,87,68,28,84, 
86,35,5,93,74,12,40,95,80,6, 
28,39,55,21,25,88,59,40,90,18, 
8,91,45,55,75,18,59,86,45,89, 


